starting worker pid=3168 on localhost:11475 at 18:59:08.834
starting worker pid=17448 on localhost:11475 at 18:59:09.069
starting worker pid=8376 on localhost:11475 at 18:59:09.270
starting worker pid=2052 on localhost:11475 at 18:59:09.541
starting worker pid=12260 on localhost:11475 at 18:59:09.750
starting worker pid=13252 on localhost:11475 at 18:59:09.998
starting worker pid=856 on localhost:11475 at 18:59:10.222
starting worker pid=15168 on localhost:11475 at 18:59:10.425
starting worker pid=9200 on localhost:11475 at 18:59:50.565
starting worker pid=1988 on localhost:11475 at 18:59:50.780
starting worker pid=15308 on localhost:11475 at 18:59:50.996
starting worker pid=13032 on localhost:11475 at 18:59:51.194
starting worker pid=16128 on localhost:11475 at 18:59:51.405
starting worker pid=11856 on localhost:11475 at 18:59:51.634
starting worker pid=1768 on localhost:11475 at 18:59:51.855
starting worker pid=18372 on localhost:11475 at 18:59:52.057
[1] 1.5
[1] 1
[1] 3
[1] 3.5
[1] 0.5
[1] 0
[1] 2
[1] 2.5
[1] 4.5
[1] 4
[1] 5
[1] 5.5
[1] 6
[1] 7
[1] 7.5
[1] 6.5
[1] 8
[1] 9
[1] 8.5
[1] 9.5
[1] 10
[1] 10.5
[1] 11
[1] 11.5
[1] 12
[1] 13
[1] 12.5
[1] 13.5
[1] 15
[1] 14
[1] 14.5
[1] 15.5
[1] 16.5
[1] 16
[1] 17
[1] 17.5
[1] 18
[1] 18.5
[1] 19.5
[1] 19
[1] 20.5
[1] 20
[1] 21
[1] 21.5
[1] 22.5
[1] 23
[1] 22
[1] 23.5
[1] 24
[1] 25
[1] 24.5
[1] 25.5
[1] 26
[1] 26.5
[1] 27
[1] 27.5
[1] 28
[1] 28.5
[1] 29
[1] 29.5
[1] 30
[1] 30.5
[1] 31
[1] 31.5
[1] 32
[1] 32.5
[1] 33
[1] 33.5
[1] 34
[1] 34.5
[1] 35.5
[1] 35
[1] 36
[1] 36.5
[1] 37
[1] 37.5
[1] 38.5
[1] 38
[1] 39
[1] 39.5
[1] 40
[1] 40.5
[1] 41
[1] 41.5
[1] 42
[1] 42.5
[1] 43
[1] 43.5
[1] 44.5
[1] 44
[1] 45.5
[1] 45
[1] 46
[1] 46.5
[1] 47
[1] 47.5
[1] 48.5
[1] 48
[1] 49
[1] 49.5
[1] 50
[1] 50.5
[1] 51
[1] 51.5
[1] 52
[1] 52.5
[1] 53
[1] 53.5
[1] 54
[1] 54.5
[1] 55
[1] 55.5
[1] 56
[1] 56.5
[1] 57
[1] 57.5
[1] 58
[1] 58.5
[1] 59
[1] 59.5
[1] 60
[1] 60.5
[1] 61
[1] 61.5
[1] 62
[1] 62.5
[1] 63
[1] 63.5
[1] 64
[1] 64.5
[1] 65
[1] 65.5
[1] 66
[1] 66.5
[1] 67
[1] 67.5
[1] 68
[1] 68.5
[1] 69
[1] 69.5
[1] 70
[1] 70.5
[1] 71
[1] 71.5
[1] 72
[1] 72.5
[1] 73
[1] 73.5
[1] 74
[1] 74.5
[1] 75
[1] 75.5
[1] 76
[1] 76.5
[1] 77
[1] 77.5
[1] 78
[1] 78.5
[1] 79
[1] 79.5
[1] 80
[1] 80.5
[1] 81
[1] 81.5
[1] 82
[1] 82.5
[1] 83
[1] 83.5
[1] 84
[1] 84.5
[1] 85
[1] 85.5
[1] 86
[1] 86.5
[1] 87
[1] 87.5
[1] 88
[1] 88.5
[1] 89
[1] 89.5
[1] 90
[1] 90.5
[1] 91
[1] 91.5
[1] 92
[1] 92.5
[1] 93
[1] 93.5
[1] 94
[1] 94.5
[1] 95
[1] 95.5
[1] 96
[1] 96.5
[1] 97
[1] 97.5
[1] 98
[1] 98.5
[1] 99
[1] 99.5
starting worker pid=20548 on localhost:11475 at 19:01:14.654
starting worker pid=21644 on localhost:11475 at 19:01:14.872
starting worker pid=14512 on localhost:11475 at 19:01:15.089
starting worker pid=17864 on localhost:11475 at 19:01:15.299
starting worker pid=15312 on localhost:11475 at 19:01:15.511
starting worker pid=15092 on localhost:11475 at 19:01:15.749
starting worker pid=8664 on localhost:11475 at 19:01:15.947
starting worker pid=7720 on localhost:11475 at 19:01:16.145
[1] 0
[1] 2
[1] 2.5
[1] 0.5
[1] 1.5
[1] 3.5
[1] 3
[1] 1
[1] 4
[1] 5
[1] 4.5
[1] 5.5
[1] 6
[1] 6.5
[1] 7
[1] 7.5
[1] 8
[1] 8.5
[1] 9.5
[1] 9
[1] 10
[1] 10.5
[1] 11
[1] 11.5
[1] 12
[1] 13
[1] 12.5
[1] 13.5
[1] 14
[1] 14.5
[1] 15
[1] 15.5
[1] 16
[1] 16.5
[1] 17.5
[1] 17
[1] 18
[1] 18.5
[1] 19
[1] 19.5
[1] 20
[1] 20.5
[1] 21
[1] 21.5
[1] 22
[1] 22.5
[1] 23
[1] 23.5
[1] 24
[1] 24.5
[1] 25
[1] 25.5
[1] 26
[1] 26.5
[1] 27
[1] 27.5
[1] 28
[1] 28.5
[1] 29
[1] 29.5
[1] 30
[1] 30.5
[1] 31
[1] 31.5
[1] 32
[1] 32.5
[1] 33
[1] 33.5
[1] 34
[1] 34.5
[1] 35
[1] 35.5
[1] 36
[1] 36.5
[1] 37
[1] 37.5
[1] 38
[1] 38.5
[1] 39
[1] 39.5
[1] 40
[1] 40.5
[1] 41
[1] 41.5
[1] 42.5
[1] 42
[1] 43
[1] 43.5
[1] 44
[1] 44.5
[1] 45
[1] 45.5
[1] 46
[1] 46.5
[1] 47
[1] 47.5
[1] 48
[1] 48.5
[1] 49
[1] 49.5
[1] 50
[1] 50.5
[1] 51
[1] 51.5
[1] 52
[1] 52.5
[1] 53
[1] 53.5
[1] 54
[1] 54.5
[1] 55
[1] 55.5
[1] 56
[1] 56.5
[1] 57
[1] 57.5
[1] 60
[1] 60.5
[1] 58
[1] 58.5
[1] 59
[1] 61
[1] 59.5
[1] 61.5
[1] 62
[1] 62.5
[1] 64.5
[1] 65.5
[1] 63
[1] 63.5
[1] 64
[1] 65
[1] 66
[1] 66.5
[1] 67
[1] 67.5
[1] 68
[1] 68.5
[1] 69
[1] 69.5
[1] 70
[1] 70.5
[1] 71
[1] 71.5
[1] 72
[1] 72.5
[1] 73
[1] 73.5
[1] 74
[1] 74.5
[1] 75
[1] 75.5
[1] 76
[1] 76.5
[1] 77
[1] 77.5
[1] 78
[1] 78.5
[1] 79
[1] 79.5
[1] 80
[1] 80.5
[1] 81
[1] 81.5
[1] 82
[1] 82.5
[1] 83
[1] 83.5
[1] 84
[1] 85
[1] 84.5
[1] 85.5
[1] 86
[1] 86.5
[1] 87
[1] 87.5
[1] 88
[1] 88.5
[1] 89
[1] 89.5
[1] 90
[1] 90.5
[1] 91
[1] 91.5
[1] 92
[1] 92.5
[1] 93
[1] 93.5
[1] 94
[1] 94.5
[1] 95
[1] 95.5
[1] 96
[1] 96.5
[1] 97
[1] 97.5
[1] 98
[1] 98.5
[1] 99
[1] 99.5
starting worker pid=11516 on localhost:11475 at 19:03:14.335
starting worker pid=17864 on localhost:11475 at 19:03:14.568
starting worker pid=84 on localhost:11475 at 19:03:14.791
starting worker pid=2608 on localhost:11475 at 19:03:15.048
starting worker pid=21024 on localhost:11475 at 19:03:15.292
starting worker pid=18000 on localhost:11475 at 19:03:15.527
starting worker pid=9480 on localhost:11475 at 19:03:15.755
starting worker pid=3828 on localhost:11475 at 19:03:15.980
[1] 1
[1] 3
[1] 0.5
[1] 2.5
[1] 0
[1] 2
[1] 3.5
[1] 1.5
[1] 4
[1] 5
[1] 4.5
[1] 5.5
[1] 6[1] 7.5
[1] 6.5
[1] 7
[1] 8
[1] 9
[1] 8.5
[1] 9.5
[1] 10
[1] 10.5
[1] 11.5
[1] 11
[1] 12
[1] 12.5
[1] 13
[1] 13.5
[1] 14
[1] 14.5
[1] 15
[1] 15.5
[1][1].5 17
[1] 16
[1] 17.5
[1] 18
[1] 18.5
[1] 19.5
[1] 19
[1] 20.5
[1] 20
[1] 21
[1] 21.5
[1] 22
[1] 22.5
[1] 23[1] 23.5
[1] 24
[1] 25
[1] 24.5
[1] 25.5
[1] 26
[1] 26.5
[1] 27
[1] 27.5
[1] 28
[1] 28.5
[1] 29
[1] 29.5
[1] 30
[1] 30.5
[1] 31
[1] 31.5
[1] 32.5
[1] 32
[1] 33.5
[1] 33
[1] 34
[1] 34.5
[1] 35
[1] 35.5
[1][1].5 36
[1] 37
[1] 37.5
[1] 38
[1] 38.5
[1] 39
[1] 39.5
[1] 40

[1] 41
[1] 41.5
[1] 42
[1] 42.5
[1] 43
[1] 43.5
[1] 44
[1] 44.5
[1] 45
[1] 45.5
[1] 46.5
[1] 46
[1] 47
[1] 47.5
[1] 48
[1] 48.5
[1] 49
[1] 49.5
[1] 50.5
[1] 50
[1] 51
[1] 51.5
[1] 52
[1] 52.5
[1] 53
[1] 53.5
[1] 54.5
[1] 54
[1] 55
[1] 55.5
[1] 56
[1] 57
[1] 56.5
[1] 57.5
[1] 58
[1] 58.5
[1] 59
[1] 59.5
[1] 60
[1] 60.5
[1] 61
[1] 61.5
[1] 62
[1] 62.5
[1] 63
[1] 63.5
[1] 64
[1] 64.5
[1] 65
[1] 65.5
[1] 66
[1] 66.5
[1] 67
[1] 67.5
[1] 68
[1] 68

[1] 69.5
[1] 70
[1] 70.5
[1] 71
[1] 71.5
[1] 73
[1] 72
[1] 72.5
[1] 73.5
[1] 74
[1] 74.5
[1] 75
[1] 75.5
[1] 76
[1] 76.5
[1] 77
[1] 77.5
[1] 78
[1] 80
[1] 78.5
[1] 80.5
[1] 81
[1] 81.5
[1] 79
[1] 79.5
[1] 82.5
[1] 83.5
[1] 84
[1] 84.5
[1] 82
[1] 83
[1] 85
[1] 85.5
[1] 86
[1] 86.5
[1] 87
[1] 87.5
[1] 88
[1] 88.5
[1] 89
[1] 89.5
[1] 90
[1] 90.5
[1] 91
[1] 91.5
[1] 92
[1] 92.5
[1] 93
[1] 93.5
[1] 94
[1] 94.5
[1] 95
[1] 95.5
[1] 96
[1] 96.5
[1] 97
[1] 97.5
[1] 98
[1] 98.5
[1] 99
[1] 99.5
starting worker pid=744 on localhost:11475 at 19:05:37.501
starting worker pid=10932 on localhost:11475 at 19:05:37.737
starting worker pid=20532 on localhost:11475 at 19:05:37.941
starting worker pid=14700 on localhost:11475 at 19:05:38.140
starting worker pid=19956 on localhost:11475 at 19:05:38.346
starting worker pid=19288 on localhost:11475 at 19:05:38.563
starting worker pid=8264 on localhost:11475 at 19:05:38.772
starting worker pid=18624 on localhost:11475 at 19:05:38.980
[1] 3.5
[1] 0
[1] 2
[1] 1.5
[1][1]5

[1] 1
[1] 0.5
[1] 4
[1] 4.5
[1] 5
[1] 5.5
[1] 6.5
[1] 6
[1] 7[1] 7.5
[1] 8
[1] 8.5
[1] 9
[1] 9.5
[1] 11

[1] 11
[1] 10.5
[1] 12
[1] 12.5
[1] 13
[1] 13.5
[1] 14.5
[1] 14
[1] 15.5
[1] 16
[1] 16.5
[1] 17
[1] 17.5
[1] 19
[1] 18
[1] 18.5
[1] 19.5
[1] 20
[1] 20.5
[1] 21
[1] 21.5
[1] 22.5
[1] 23
[1] 23.5
[1] 24
[1] 24.5
[1] 25
[1] 25.5
[1] 26.5
[1] 26
[1] 27
[1] 27.5
[1] 28
[1] 28.5
[1] 29
[1] 29.5
[1] 30
[1] 30.5
[1] 31
[1] 31.5
[1] 32
[1] 32.5
[1] 33
[1] 33.5
[1] 34
[1] 34.5
[1] 35
[1] 35.5
[1] 36
[1] 36.5
[1] 37
[1] 37.5
[1] 38
[1] 38.5
[1] 39
[1] 39.5
[1] 40
[1] 40.5
[1] 41
[1] 41.5
[1] 42.5
[1] 42
[1] 43.5
[1] 43
[1] 44
[1] 44.5
[1] 45
[1] 45.5
[1] 46
[1] 46.5
[1] 47.5
[1] 47
[1] 48
[1] 48.5
[1] 49
[1] 49.5
[1] 50
[1] 50.5
[1] 51
[1] 51.5
[1] 52
[1] 52.5
[1] 53
[1] 53.5
[1] 54.5
[1] 54
[1] 55
[1] 55.5
[1] 56
[1] 56.5
[1] 57
[1] 57.5
[1] 60
[1] 58.5
[1] 58
[1] 59
[1] 60.5
[1] 59.5
[1] 61
[1] 61.5
[1] 62
[1] 62.5
[1] 63
[1] 64.5
[1] 65
[1] 64.5
[1] 65.5
[1] 66
[1] 67
[1] 66.5
[1] 68
[1] 68.5
[1] 67.5
[1] 69
[1] 69.5
[1] 70
[1] 71.5
[1] 72
[1] 71
[1] 70.5
[1] 72.5
[1] 73.5

[1] 74
[1] 74.5
[1] 75
[1] 76
[1] 75.5
[1] 77.5
[1] 77
[1] 76.5
[1] 78
[1] 78.5
[1] 79
[1] 79.5
[1] 80
[1] 80.5
[1] 81
[1] 81.5
[1] 82
[1] 82.5
[1] 83
[1] 83.5
[1] 84
[1] 84.5
[1] 85
[1] 85.5
[1] 86
[1] 86.5
[1] 87
[1] 87.5
[1] 88
[1] 88.5
[1] 89
[1] 89.5
[1] 90
[1] 90.5
[1] 91
[1] 91.5
[1] 92
[1] 92.5
[1] 93
[1] 93.5
[1] 94
[1] 94.5
[1] 95
[1] 96.5
[1] 95.5
[1] 96
[1] 97
[1] 97.5
[1] 98
[1] 98.5
[1] 99
[1] 99.5
starting worker pid=16732 on localhost:11475 at 19:08:37.533
starting worker pid=16992 on localhost:11475 at 19:08:37.755
starting worker pid=1992 on localhost:11475 at 19:08:37.970
starting worker pid=21260 on localhost:11475 at 19:08:38.170
starting worker pid=20948 on localhost:11475 at 19:08:38.387
starting worker pid=14676 on localhost:11475 at 19:08:38.605
starting worker pid=240 on localhost:11475 at 19:08:38.809
starting worker pid=12156 on localhost:11475 at 19:08:39.011
[1][1]5

[1] 2.5
[1] 3
[1] 2
[1] 1.5
[1] 0
[1] 3.5
[1] 4
[1] 5.5
[1][1]5

[1] 6
[1] 7.5
[1] 6.5
[1] 7
[1] 8
[1] 8.5
[1] 9
[1] 9.5
[1] 10
[1] 11
[1] 10.5
[1] 11.5
[1] 12
[1] 12.5
[1] 13
[1] 13.5
[1] 14
[1] 14.5
[1] 15
[1] 15.5
[1] 16
[1] 17
[1] 16.5
[1] 17.5
[1] 18
[1] 19
[1] 18.5
[1] 19.5
[1] 20
[1] 20.5
[1] 21
[1] 21.5
[1] 24
[1] 24.5
[1] 25
[1] 25.5
[1] 22
[1] 22.5
[1] 23
[1] 23.5
[1] 26
[1] 26.5
[1] 27
[1] 27.5
[1] 28
[1] 28.5
[1] 29
[1] 29.5
[1] 30
[1] 30.5
[1] 31
[1] 31.5
[1] 32
[1] 32.5
[1] 33
[1] 33.5
[1] 34
[1] 34.5
[1] 35
[1] 35.5
[1] 36
[1] 37
[1] 36.5
[1] 37.5
[1] 38
[1] 38.5
[1] 39
[1] 39.5
[1] 40
[1] 40.5
[1] 41
[1] 41.5
[1] 42
[1] 42.5
[1] 43
[1] 43.5
[1] 44
[1] 44.5
[1] 45
[1] 45.5
[1] 46
[1] 46.5
[1] 47
[1] 47.5
[1] 48
[1] 49
[1] 48.5
[1] 49.5
[1] 50
[1] 50.5
[1] 51
[1] 51.5
[1] 52
[1] 52.5
[1] 53
[1] 53.5
[1] 54
[1] 54.5
[1] 55
[1] 55.5
[1] 56
[1] 56.5
[1] 57
[1] 57.5
[1] 58
[1] 58.5
[1] 59
[1] 59.5
[1] 60
[1] 60.5
[1] 62
[1] 61
[1] 61.5
[1] 62.5
[1] 63
[1] 63.5
[1] 65

[1] 64.5
[1] 65.5
[1] 66
[1] 66.5
[1] 67
[1] 67.5
[1] 68.5
[1] 68
[1] 69
[1] 69.5
[1] 70
[1] 70.5
[1] 71
[1] 71.5
[1] 72
[1] 74.5
[1] 75
[1] 72.5
[1] 75.5
[1] 73
[1] 73.5
[1] 74
[1] 76
[1] 76.5
[1] 77
[1] 78
[1] 77.5
[1] 78.5
[1] 79
[1] 79.5
[1] 80
[1] 80.5
[1] 81
[1] 81.5
[1] 82
[1] 82.5
[1] 83
[1] 83.5
[1] 84
[1] 84.5
[1] 85
[1] 85.5
[1] 86
[1] 86.5
[1] 87
[1] 87.5
[1] 88
[1] 88.5
[1] 89
[1] 89.5
[1] 92
[1] 90
[1] 90.5
[1] 92.5
[1] 91
[1] 93
[1] 91.5
[1] 93.5
[1] 94
[1] 95.5
[1] 96.5
[1] 97.5
[1] 95[1] 94.5
[1] 96
[1] 97
[1] 98
[1] 98.5
[1] 99
[1] 99.5
starting worker pid=18556 on localhost:11475 at 19:12:28.685
starting worker pid=7176 on localhost:11475 at 19:12:28.944
starting worker pid=15968 on localhost:11475 at 19:12:29.190
starting worker pid=7496 on localhost:11475 at 19:12:29.420
starting worker pid=6600 on localhost:11475 at 19:12:29.664
starting worker pid=17128 on localhost:11475 at 19:12:29.920
starting worker pid=2568 on localhost:11475 at 19:12:30.132
starting worker pid=16740 on localhost:11475 at 19:12:30.350
[1] 2.5
[1] 1
[1] 0.5
[1] 3
[1] 2
[1] 0
[1] 3.5
[1] 1.5
[1] 4
[1] 5.5
[1] 4.5
[1] 5
[1] 6
[1] 7.5
[1] 6.5
[1] 7
[1] 8
[1] 9
[1] 8.5
[1] 9.5
[1] 10
[1] 10.5
[1] 11
[1] 11.5
[1] 12
[1] 13.5
[1] 12.5
[1] 13
[1] 14
[1] 14.5
[1] 15
[1] 15.5
[1] 16
[1] 16.5
[1] 17
[1] 17.5
[1] 18
[1] 19
[1] 18.5
[1] 19.5
[1] 20
[1] 20.5
[1] 21
[1] 21.5
[1] 22
[1] 22.5
[1] 23
[1] 23.5
[1] 24
[1] 24.5
[1] 25
[1] 25.5
[1] 26
[1] 26.5
[1] 27
[1] 27.5
[1] 28
[1] 28.5
[1] 29
[1] 29.5
[1] 30
[1] 30.5
[1] 31
[1] 31.5
[1] 32
[1] 32.5
[1] 33
[1] 33.5
[1] 34
[1] 34.5
[1] 35
[1] 35.5
[1] 36
[1] 36.5
[1] 37
[1] 37.5
[1] 38
[1] 38.5
[1] 39
[1] 39.5
[1] 40
[1] 40.5
[1] 41
[1] 41.5
[1] 42
[1] 42.5
[1] 43
[1] 43.5
[1] 44
[1] 44.5
[1] 45
[1] 45.5
[1] 46
[1] 46.5
[1] 47
[1] 47.5
[1] 48
[1] 48.5
[1] 49
[1] 49.5
[1] 50
[1] 50.5
[1] 51
[1] 51.5
[1] 52
[1] 52.5
[1] 53
[1] 53.5
[1] 54
[1] 54.5
[1] 55
[1] 55.5
[1] 56
[1] 56.5
[1] 57
[1] 57.5
[1] 58
[1] 58.5
[1] 59
[1] 59.5
[1] 60
[1] 60.5
[1] 61
[1] 61.5
[1] 62
[1] 62.5
[1] 63
[1] 63.5
[1] 64
[1] 64.5
[1] 65
[1] 65.5
[1] 68
[1] 66
[1] 68.5
[1] 66.5
[1] 69
[1] 67
[1] 69.5
[1] 67.5
[1] 70
[1] 71
[1] 70.5
[1] 72
[1] 71.5
[1] 73
[1] 72.5
[1] 73.5
[1] 74
[1] 74.5
[1] 75.5
[1] 75
[1] 76.5
[1] 76
[1] 77
[1] 77.5
[1] 78
[1] 78.5
[1] 79
[1] 80
[1] 79.5
[1] 80.5
[1] 81
[1] 81.5
[1] 82
[1] 82.5
[1] 83
[1] 83.5
[1] 84
[1] 84.5
[1] 85
[1] 85.5
[1] 86
[1] 86.5
[1] 87
[1] 87.5
[1] 88
[1] 88.5
[1] 89
[1] 89.5
[1] 90
[1] 90.5
[1] 91
[1] 91.5
[1] 92
[1] 92.5
[1] 93
[1] 93.5
[1] 94
[1] 94.5
[1] 95
[1] 95.5
[1] 96
[1] 96.5
[1] 97
[1] 97.5
[1] 98
[1] 98.5
[1] 99
[1] 99.5
starting worker pid=10388 on localhost:11475 at 19:14:22.931
starting worker pid=9296 on localhost:11475 at 19:14:23.167
starting worker pid=17040 on localhost:11475 at 19:14:23.364
starting worker pid=22308 on localhost:11475 at 19:14:23.567
starting worker pid=3816 on localhost:11475 at 19:14:23.780
starting worker pid=12076 on localhost:11475 at 19:14:24.000
starting worker pid=11360 on localhost:11475 at 19:14:24.202
starting worker pid=21792 on localhost:11475 at 19:14:24.403
[1] 3.5
[1] 3
[1][1 1.5
[1] 0
[1] 2
[1] 0.5
[1] 2.5
[1] 4
[1] 4.5
[1] 5[1] 5.5
[1] 6
[1] 7
[1] 6.5
[1] 7.5
[1] 8
[1] 9.5[1] 8.5
[1] 9
[1] 10.5
[1] 10
[1] 11
[1] 11.5
[1] 12
[1] 13.5
[1] 12.5
[1] 13
[1] 14
[1] 15
[1] 14.5
[1] 15.5
[1] 16.5
[1] 16
[1] 17

[1] 18.5
[1] 18
[1] 19
[1] 19.5
[1] 20
[1] 20.5
[1] 21
[1] 21.5
[1] 22.5
[1] 23
[1] 23.5
[1] 24
[1] 24.5
[1] 25
[1] 25.5
[1] 26.5
[1] 26
[1] 27
[1] 27.5
[1] 28
[1] 28.5
[1][1].5 29
[1] 30
[1] 30.5
[1] 31
[1] 31.5
[1] 32
[1] 32.5
[1] 33.5
[1] 33
[1] 34
[1] 34.5
[1] 35
[1] 35.5
[1] 36
[1] 36.5
[1] 37
[1] 37.5
[1] 38
[1] 38.5
[1] 39.5
[1] 39
[1] 40
[1] 40.5
[1] 41
[1] 41.5
[1] 42
[1] 42.5
[1] 43
[1] 43.5
[1] 44
[1] 44.5
[1] 45.5
[1] 45
[1] 46
[1] 46.5
[1] 47
[1] 47.5
[1] 48
[1] 48.5
[1] 49.5
[1] 49
[1] 50
[1] 50.5
[1] 51
[1] 51.5
[1] 52
[1] 52.5
[1] 53
[1] 53.5
[1] 54
[1] 54.5
[1] 55.5
[1] 55
[1] 56.5
[1] 56
[1] 57
[1] 57.5
[1] 58
[1] 58.5
[1] 59.5
[1] 59
[1] 60.5
[1] 60
[1] 61
[1] 61.5
[1] 62
[1] 62.5
[1] 63
[1] 64
[1] 64.5
[1] 63.5
[1] 65
[1] 65.5
[1] 66
[1] 67.5
[1] 68
[1] 66.5
[1] 67
[1] 68.5
[1] 69
[1] 69.5
[1] 70.5
[1] 71
[1] 73
[1] 70
[1] 73.5
[1] 72
[1] 71.5
[1] 72.5
[1] 74
[1] 74.5
[1] 75
[1] 76
[1] 75.5
[1] 76.5
[1] 77
[1] 77.5
[1] 78
[1] 78.5
[1] 79
[1] 79.5
[1] 80
[1] 80.5
[1] 81.5 81
[1] 82
[1] 82.5
[1] 83.5
[1] 83
[1] 84
[1] 84.5
[1] 85
[1] 85.5
[1] 86
[1] 86.5
[1] 87
[1] 87.5
[1] 88
[1] 88.5
[1] 89
[1] 89.5
[1] 90
[1] 90.5
[1] 91
[1] 91.5
[1] 92
[1] 92.5
[1] 93
[1] 93.5
[1] 94
[1] 94.5
[1] 95
[1] 95.5
[1] 96
[1] 96.5[1] 97
[1] 97.5
[1] 98
[1] 98.5
[1] 99
[1] 99.5
starting worker pid=14628 on localhost:11475 at 19:40:43.565
starting worker pid=9128 on localhost:11475 at 19:40:43.861
starting worker pid=16732 on localhost:11475 at 19:40:44.098
starting worker pid=19868 on localhost:11475 at 19:40:44.334
starting worker pid=4512 on localhost:11475 at 19:40:44.551
starting worker pid=15640 on localhost:11475 at 19:40:44.781
starting worker pid=21664 on localhost:11475 at 19:40:45.006
starting worker pid=2900 on localhost:11475 at 19:40:45.231
[1] 3.5
[1] 1.5
[1] 3
[1] 1
[1] 2
[1] 0
[1] 0.5
[1] 2.5
[1] 4
[1] 4.5
[1] 5
[1] 5.5
[1] 6
[1] 6.5
[1] 7
[1] 7.5
[1] 8
[1] 9
[1] 8.5
[1] 9.5
[1] 10
[1] 10.5
[1] 11
[1] 11.5
[1] 12
[1] 12.5
[1] 13
[1] 13.5
[1] 14
[1] 14.5
[1] 15
[1] 15.5
[1] 16
[1] 16.5
[1] 17.5
[1] 17
[1] 20
[1] 20.5
[1] 21
[1] 21.5
[1] 18.5
[1] 18
[1] 19
[1] 19.5
[1] 22
[1] 22.5
[1] 23
[1] 23.5
[1] 24
[1] 24.5
[1] 25
[1] 25.5
[1] 26
[1] 26.5
[1] 27
[1] 27.5
[1] 28
[1] 29
[1] 28.5
[1] 29.5
[1] 30
[1] 30.5
[1] 31
[1] 31.5
[1] 32
[1] 32.5
[1] 33
[1] 33.5
[1] 34
[1] 34.5
[1] 35
[1] 35.5
[1] 36
[1] 37
[1] 36.5
[1] 37.5
[1] 38
[1] 38.5
[1] 39
[1] 39.5
[1] 40
[1] 40.5
[1] 41
[1] 41.5
[1] 42
[1] 42.5
[1] 43
[1] 43.5
[1] 44
[1] 45
[1] 44.5
[1] 45.5
[1] 46
[1] 46.5
[1] 47
[1] 47.5
[1] 48
[1] 48.5
[1] 49
[1] 49.5
[1] 50
[1] 50.5
[1] 51
[1] 51.5
[1] 52
[1] 52.5
[1] 53
[1] 53.5
[1] 54
[1] 54.5
[1] 55
[1] 55.5
[1] 56
[1] 56.5
[1] 57
[1] 57.5
[1] 58
[1] 58.5
[1] 59
[1] 59.5
[1] 60
[1] 62
[1] 62.5
[1] 61
[1] 60.5
[1] 63
[1] 61.5
[1] 63.5
[1] 64.5
[1] 65
[1] 64
[1] 66.5
[1] 66
[1] 67.5
[1] 65.5
[1] 67
[1] 68
[1] 68.5
[1] 69.5
[1] 70.5
[1] 69
[1] 70
[1] 71
[1] 71.5
[1] 72
[1] 72.5
[1] 73
[1] 73.5
[1] 74
[1] 74.5
[1] 75
[1] 75.5
[1] 76
[1] 76.5
[1] 77
[1] 77.5
[1] 78
[1] 78.5
[1] 79
[1] 79.5
[1] 80
[1] 80.5
[1] 81
[1] 81.5
[1] 82
[1] 82.5
[1] 83
[1] 83.5
[1] 84
[1] 84.5
[1] 85
[1] 85.5
[1] 86
[1] 86.5
[1] 87
[1] 87.5
[1] 88
[1] 88.5
[1] 89
[1] 89.5
[1] 90
[1] 90.5
[1] 91
[1] 91.5
[1] 92
[1] 92.5
[1] 93
[1] 93.5
[1] 94
[1] 94.5
[1] 95
[1] 95.5
[1] 96
[1] 96.5
[1] 97
[1] 97.5
[1] 98
[1] 98.5
[1] 99
[1] 99.5
starting worker pid=12164 on localhost:11475 at 19:42:44.156
starting worker pid=888 on localhost:11475 at 19:42:44.388
starting worker pid=16328 on localhost:11475 at 19:42:44.601
starting worker pid=22464 on localhost:11475 at 19:42:44.812
starting worker pid=3780 on localhost:11475 at 19:42:45.032
starting worker pid=12384 on localhost:11475 at 19:42:45.257
starting worker pid=22052 on localhost:11475 at 19:42:45.468
starting worker pid=15412 on localhost:11475 at 19:42:45.687
[1] 3.5
[1] 1.5[1] 0[1] 2
[1] 0.5
[1] 2.5
[1] 1
[1] 3
[1] 4
[1] 4.5
[1] 5
[1] 5.5
[1] 6.5
[1] 6
[1] 7.5
[1] 7
[1] 8
[1] 8.5
[1] 9
[1] 9.5
[1] 10
[1] 11
[1] 10.5
[1] 11.5
[1] 12[1] 12.5
[1] 13
[1] 13.5
[1] 14
[1] 15
[1] 14.5
[1] 15.5
[1] 16
[1] 16.5
[1] 17
[1] 17.5
[1] 18
[1] 19.5
[1] 18.5
[1] 19
[1] 20.5
[1] 21
[1] 21.5
[1] 23
[1] 22
[1] 23.5
[1] 22.5
[1][1]
4.5
[1] 25
[1] 25.5
[1] 26
[1] 26.5
[1] 27
[1] 27.5
[1] 28
[1] 28.5
[1] 29
[1] 29.5
[1] 30
[1] 30.5
[1] 31
[1] 31.5
[1] 32
[1] 32.5
[1] 33
[1] 33.5
[1] 34
[1] 34.5
[1] 35
[1] 35.5
[1] 36
[1] 36.5
[1] 37
[1] 37.5
[1] 38
[1] 38.5
[1] 39.5
[1] 39
[1] 40
[1] 40.5
[1] 41.5
[1] 41
[1] 42
[1] 42.5
[1] 43
[1] 43.5
[1] 44
[1] 44.5
[1] 45
[1] 45.5
[1] 46
[1] 46.5
[1] 47.5
[1] 47
[1] 48
[1] 48.5
[1] 49.5
[1] 49
[1] 50
[1] 50.5
[1] 51
[1] 51.5
[1] 52
[1] 52.5
[1] 53.5
[1] 53
[1] 54
[1] 54.5
[1] 55
[1] 55.5
[1] 56
[1] 56.5
[1] 57
[1] 57.5
[1] 60
[1] 60.5
[1] 61
[1] 61.5
[1] 58
[1] 58.5
[1] 59
[1] 59.5
[1] 62
[1] 62.5
[1] 63
[1] 63.5
[1] 64
[1] 64.5
[1] 65
[1] 65.5
[1] 66
[1] 66.5
[1] 67
[1] 67.5
[1] 68
[1] 68.5
[1] 69
[1] 69.5
[1] 70
[1] 70.5
[1] 71
[1] 71.5
[1] 72
[1] 72.5
[1] 73.5
[1] 73
[1] 74
[1] 74.5
[1] 75
[1] 75.5
[1] 76
[1] 76.5
[1] 77
[1] 77.5
[1] 78
[1] 78.5
[1] 79
[1] 79.5
[1] 80
[1] 80.5
[1] 81
[1] 81.5
[1] 82
[1] 82.5
[1] 83
[1] 83.5
[1] 84
[1] 84.5
[1] 85
[1] 85.5
[1] 86
[1] 86.5
[1] 87
[1] 87.5
[1] 88
[1] 88.5
[1] 89
[1] 89.5
[1] 90
[1] 90.5
[1] 91
[1] 91.5
[1] 92
[1] 92.5
[1] 93
[1] 93.5
[1] 94
[1] 94.5
[1] 95
[1] 95.5
[1] 98
[1] 98.5
[1] 99
[1] 99.5
[1] 96
[1] 97
[1] 96.5
[1] 97.5
starting worker pid=3768 on localhost:11475 at 19:44:44.673
starting worker pid=7296 on localhost:11475 at 19:44:44.890
starting worker pid=9872 on localhost:11475 at 19:44:45.116
starting worker pid=19948 on localhost:11475 at 19:44:45.344
starting worker pid=5896 on localhost:11475 at 19:44:45.589
starting worker pid=21228 on localhost:11475 at 19:44:45.864
starting worker pid=13572 on localhost:11475 at 19:44:46.063
starting worker pid=16692 on localhost:11475 at 19:44:46.261
[1] 2.5
[1] 0.5
[1] 0
[1] 2
[1] 3.5
[1] 3
[1] 1
[1] 4
[1] 5
[1] 4.5
[1] 5.5
[1][1]5 6
[1] 7
[1] 6.5
[1] 8
[1] 9
[1] 8.5
[1] 9.5
[1] 10
[1] 11
[1] 10.5
[1] 11.5
[1] 12
[1] 12.5
[1] 13
[1] 13.5
[1] 14
[1] 14.5
[1] 15
[1] 15.5
[1] 16
[1] 16.5
[1] 17
[1] 17.5
[1] 18
[1] 19
[1] 18.5
[1] 19.5
[1] 20
[1] 20.5
[1] 21
[1] 21.5
[1] 22

[1] 23
[1] 23.5
[1] 24
[1] 24.5
[1] 25
[1] 25.5
[1] 26.5
[1] 26
[1] 27
[1] 27.5
[1] 28
[1] 28.5
[1] 29
[1] 29.5
[1] 30
[1] 30.5
[1] 31
[1] 31.5
[1] 32
[1] 32.5
[1] 33
[1] 33.5
[1] 34
[1] 34.5
[1] 35
[1] 35.5
[1] 36
[1] 36.5
[1] 37
[1] 37.5
[1] 38
[1] 38.5
[1] 39
[1] 39.5
[1] 40
[1] 40.5
[1] 41
[1] 41.5
[1] 42
[1] 42.5
[1] 43
[1] 43.5
[1] 44
[1] 44.5
[1] 45
[1] 45.5
[1] 46
[1] 46.5
[1] 47
[1] 47.5
[1] 48
[1] 48.5
[1] 49
[1] 49.5
[1] 50
[1] 50.5
[1] 51
[1] 51.5
[1] 52
[1] 52.5
[1] 53
[1] 53.5
[1] 54
[1] 54.5
[1] 55
[1] 55.5
[1] 56
[1] 56.5
[1] 57
[1] 57.5
[1] 58
[1] 58.5
[1] 59
[1] 59.5
[1] 60
[1] 60.5
[1] 61
[1] 61.5
[1] 62
[1] 62.5
[1] 63
[1] 63.5
[1] 64
[1] 64.5
[1] 65
[1] 65.5
[1] 66
[1] 66.5
[1] 67
[1] 67.5
[1] 68
[1] 68.5
[1] 69
[1] 69.5
[1] 70
[1] 70.5
[1] 71
[1] 71.5
[1] 72
[1] 72.5
[1] 73
[1] 73.5
[1] 74
[1] 74.5
[1] 75
[1] 75.5
[1] 76
[1] 76.5
[1] 77
[1] 77.5
[1] 78
[1] 78.5
[1] 79
[1] 80
[1] 79.5
[1] 80.5
[1] 81
[1] 81.5
[1] 82
[1] 82.5
[1] 83.5
[1] 83
[1] 84
[1] 84.5
[1] 85
[1] 85.5
[1] 87
[1] 86
[1] 86.5
[1] 87.5
[1] 88.5
[1] 89
[1] 88
[1] 89.5
[1] 90
[1] 90.5
[1] 92
[1] 92.5
[1] 91
[1] 91.5
[1] 93.5
[1] 93
[1] 94
[1] 95
[1] 95.5
[1] 94.5
[1] 96
[1] 97
[1] 96.5
[1] 97.5
[1] 98
[1] 98.5
[1][1] 99.5
starting worker pid=19756 on localhost:11475 at 19:46:39.142
starting worker pid=13404 on localhost:11475 at 19:46:39.368
starting worker pid=21228 on localhost:11475 at 19:46:39.575
starting worker pid=19948 on localhost:11475 at 19:46:39.775
starting worker pid=13252 on localhost:11475 at 19:46:39.993
starting worker pid=1516 on localhost:11475 at 19:46:40.222
starting worker pid=18792 on localhost:11475 at 19:46:40.428
starting worker pid=2780 on localhost:11475 at 19:46:40.631
[1] 2.5
[1] 1
[1] 0.5
[1] 3
[1] 2
 1.5
[1] 0
[1] 3.5
[1] 4
[1] 5
[1] 4.5
[1] 5.5
[1] 6.5
[1] 6
[1] 7
[1] 7.5
[1] 8
[1] 9.5
[1] 9.5
[1] 10.5
[1] 10
[1] 11
[1] 11.5
[1] 12
[1] 13
[1] 12.5
[1] 13.5
[1] 14
[1] 14.5
[1] 15
[1] 15.5
[1] 16
[1] 16.5
[1] 17.5
[1] 17
[1] 18

[1] 19.5
[1] 19
[1] 20
[1] 21.5
[1] 20.5
[1] 21
[1] 22
[1] 22.5
[1] 23
[1] 23.5
[1] 24
[1] 24.5
5
[1] 25.5
[1] 26
[1] 26.5
[1] 27
[1] 27.5
[1] 28
[1] 29
[1] 28.5
[1] 29.5
[1] 30
[1] 30.5
[1] 31.5
[1] 31
[1] 32
[1] 32.5
[1] 33
[1] 33.5
[1] 34
[1] 34.5
[1] 35
[1] 35.5
[1] 36
[1] 36.5
[1] 37
[1] 37.5
[1] 38
[1] 38.5
[1] 39
[1] 39.5
[1] 40
[1] 40.5
[1] 41
[1] 41.5
[1] 42
[1] 42.5
[1] 43
[1] 43.5
[1] 44
[1] 44.5
[1] 45.5
[1] 45
[1] 46
[1] 46.5
[1] 47
[1] 47.5
[1] 48
[1] 48.5
[1] 49.5
[1] 49
[1] 50
[1] 50.5
[1] 51
[1] 51.5
[1] 52
[1] 52.5
[1] 53
[1] 53.5
[1] 56
[1] 56.5
[1] 57
[1] 54
[1] 57.5
[1] 54.5
[1] 55.5
[1] 55
[1] 58
[1] 58.5
[1] 59
[1] 60
[1] 59.5
[1] 60.5
[1] 61
[1] 61.5
[1] 62
[1] 62.5
[1] 63
[1] 63.5
[1] 64
[1] 64.5
[1] 65.5
[1] 65
[1] 66
[1] 66.5
[1] 67
[1] 67.5
[1] 68
[1] 68.5
[1] 69.5
[1] 69
[1] 70
[1] 70.5
[1] 71
[1] 71.5
[1] 72
[1] 72.5
[1] 73.5
[1] 73
[1] 74
[1] 74.5
[1] 75
[1] 75.5
[1] 78
[1] 76
[1] 78.5
[1] 76.5
[1] 79
[1] 79.5
[1] 77.5
[1] 77
[1] 80
[1] 81
[1] 82
[1] 82.5
[1] 80.5
[1] 81.5
[1] 83.5
[1] 83
[1] 84
[1] 84.5
[1] 85
[1] 85.5
[1] 86
[1] 86.5
[1] 87
[1] 87.5
[1] 88
[1] 88.5
[1] 89
[1] 89.5
[1] 90
[1] 90.5
[1] 91
[1] 91.5
[1] 92
[1] 92.5
[1] 93
[1] 93.5
[1] 96
[1] 96.5
[1] 97
[1] 97.5
[1] 94
[1] 94.5
[1] 95
[1] 95.5
[1] 98
[1] 98.5
[1] 99
[1] 99.5
starting worker pid=9872 on localhost:11779 at 16:14:24.834
starting worker pid=22880 on localhost:11779 at 16:14:25.088
starting worker pid=20128 on localhost:11779 at 16:14:25.298
starting worker pid=24096 on localhost:11779 at 16:14:25.498
starting worker pid=3256 on localhost:11779 at 16:14:25.719
starting worker pid=8456 on localhost:11779 at 16:14:25.919
starting worker pid=2216 on localhost:11779 at 16:14:26.121
starting worker pid=9356 on localhost:11779 at 16:14:26.330
starting worker pid=11248 on localhost:11779 at 16:17:45.162
starting worker pid=19144 on localhost:11779 at 16:17:45.417
starting worker pid=12520 on localhost:11779 at 16:17:45.637
starting worker pid=24232 on localhost:11779 at 16:17:45.845
starting worker pid=8520 on localhost:11779 at 16:17:46.063
starting worker pid=22912 on localhost:11779 at 16:17:46.264
starting worker pid=22352 on localhost:11779 at 16:17:46.471
starting worker pid=9856 on localhost:11779 at 16:17:46.700
starting worker pid=21560 on localhost:11779 at 16:19:27.170
starting worker pid=17760 on localhost:11779 at 16:19:27.373
starting worker pid=15356 on localhost:11779 at 16:19:27.592
starting worker pid=1144 on localhost:11779 at 16:19:27.807
starting worker pid=15564 on localhost:11779 at 16:19:28.086
starting worker pid=248 on localhost:11779 at 16:19:28.299
starting worker pid=22848 on localhost:11779 at 16:19:28.512
starting worker pid=15080 on localhost:11779 at 16:19:28.715
[1] 3.5
[1] 1.5
[1] 2
[1] 1
[1] 2.5
[1] 0.5
[1] 0
[1] 3
[1] 4
[1] 4.5
[1][1]5
 5
[1] 6.5
[1][1 7
[1] 7.5
[1] 8
[1] 8.5
[1] 9
[1] 9.5
[1] 10
[1] 10.5
[1] 11
[1] 11.5
[1] 12
[1] 12.5
[1] 13
[1] 13.5
[1] 14
[1] 15
[1] 14.5
[1] 15.5
[1] 16
[1] 16.5
[1] 18
[1] 17
[1] 17.5
[1] 19
[1] 18.5
[1] 19.5
[1] 20
[1] 20.5
[1] 21
[1] 22
[1] 21.5
[1] 22.5
[1] 23
[1] 23.5
[1] 24
[1] 24.5
[1] 25.5
[1] 26
[1] 25
[1] 26.5
[1] 27
[1] 27.5
[1] 28
[1] 28.5
[1] 29
[1] 29.5
[1] 30
[1] 30.5
[1] 31
[1] 31.5
[1] 32
[1] 32.5
[1] 33
[1] 33.5
[1] 34
[1] 34.5
[1] 35
[1] 35.5
[1] 36
[1] 36.5
[1] 37
[1] 37.5
[1] 38
[1] 38.5
[1] 39
[1] 39.5
[1] 40
[1] 40.5
[1] 41
[1] 41.5
[1] 42
[1] 42.5
[1] 43
[1] 43.5
[1] 44
[1] 44.5
[1] 45
[1] 45.5
[1] 46
[1] 46.5
[1] 47
[1] 47.5
[1] 48.5
[1] 48
[1] 49.5
[1] 49
[1] 50
[1] 50.5
[1] 51
[1] 51.5
[1] 52
[1] 52.5
[1] 53.5
[1] 53
[1] 54
[1] 54.5
[1] 55
[1] 55.5
[1] 56
[1] 56.5
[1][1].5 57
[1] 58
[1] 58.5
[1] 59
[1] 59.5
[1] 60
[1] 60.5
[1] 61
[1] 61.5
[1] 62
[1] 62.5
[1] 63
[1] 63.5
[1] 64
[1] 64.5
[1] 65
[1] 65.5
[1] 66
[1] 66.5
[1] 67
[1] 67.5
[1] 68
[1] 68.5
[1] 69
[1] 69.5
[1] 70
[1] 70.5
[1] 71
[1] 71.5
[1] 72
[1] 72.5
[1] 73
[1] 73.5
[1] 74
[1] 74.5
[1] 75
[1] 75.5
[1] 76
[1] 76.5
[1] 77
[1] 77.5
[1] 78
[1] 78.5
[1] 79
[1] 79.5
[1] 80
[1] 80.5
[1] 81
[1] 81.5
[1] 82
[1] 83
[1] 82.5
[1] 83.5
[1] 84
[1] 84.5
[1] 85
[1] 85.5
[1] 86
[1] 86.5
[1] 87
[1] 87.5
[1] 88
[1] 88.5
[1] 89
[1] 89.5
[1] 90
[1] 90.5
[1] 91
[1] 91.5
[1] 92
[1] 92.5
[1] 93
[1] 93.5
[1] 94
[1] 94.5
[1] 95
[1] 95.5
[1] 96
[1] 96.5
[1] 97

[1] 98
[1] 98.5
[1] 99
[1] 99.5
starting worker pid=23164 on localhost:11779 at 16:23:06.193
starting worker pid=23964 on localhost:11779 at 16:23:06.420
starting worker pid=14796 on localhost:11779 at 16:23:06.638
starting worker pid=9496 on localhost:11779 at 16:23:06.843
starting worker pid=11460 on localhost:11779 at 16:23:07.065
starting worker pid=7728 on localhost:11779 at 16:23:07.306
starting worker pid=10220 on localhost:11779 at 16:23:07.508
starting worker pid=21476 on localhost:11779 at 16:23:07.705
[1] 0
[1] 2.5
[1] 0.5
[1] 2
[1] 3
[1] 1.5
[1] 1
[1] 3.5
[1] 4.5
[1] 5
] 4
[1] 5.5
[1] 6
[1] 6.5
[1] 7.5
[1] 7
[1] 8
[1] 9.5
[1] 9
[1] 8.5
[1] 11
[1] 10.5
[1] 10
[1] 11.5
[1] 12.5
[1] 12
[1] 13
[1] 13.5
[1] 14.5
[1] 14
[1] 15.5
[1] 15
[1] 16
[1] 16.5
[1] 17
[1] 17.5
[1] 18
[1] 18.5
[1] 19
[1] 19.5
[1] 20
[1] 20.5
[1] 21
[1] 21.5
[1] 22
[1] 23.5
[1] 23
[1] 22.5
[1] 24
[1] 24.5
[1] 25
[1] 25.5
[1] 26.5
[1] 26
[1] 27
[1] 27.5
[1] 28
[1] 28.5
[1] 29
[1] 29.5
[1] 30
[1] 31
[1] 30.5
[1] 31.5
[1] 32
[1] 33
[1] 32.5
[1] 33.5
[1] 34
[1] 34.5
[1] 35
[1] 35.5
[1] 36
[1] 36.5
[1] 37
[1] 37.5
[1] 38
[1] 38.5
[1] 39
[1] 39.5
[1] 40
[1] 40.5
[1] 41
[1] 41.5
[1] 42
[1] 43
[1] 42.5
[1] 43.5
[1] 44
[1] 44.5
[1] 45
[1] 45.5
[1] 46
[1] 47
[1] 46.5
[1] 47.5
[1] 48
[1] 48.5
[1] 49
[1] 49.5
[1] 50
[1] 50.5
[1] 51
[1] 51.5
[1] 52
[1] 52.5
[1] 53
[1] 53.5
[1] 54
[1] 54.5
[1] 55
[1] 55.5
[1] 56
[1] 56.5
[1] 57
[1] 57.5
[1] 58
[1] 58.5
[1] 59
[1] 59.5
[1] 60
[1] 60.5
[1] 61
[1] 61.5
[1] 62
[1] 62.5
[1] 63
[1] 63.5
[1] 64
[1] 64.5
[1] 65
[1] 65.5
[1] 66
[1] 67
[1] 66.5
[1] 67.5
[1] 68
[1] 69
[1] 68.5
[1] 69.5
[1] 70
[1] 70.5
[1] 71
[1] 71.5
[1] 72
[1] 72.5
[1] 73
[1] 73.5
[1] 74
[1] 74.5
[1] 75
[1] 75.5
[1] 76
[1] 76.5
[1] 77
[1] 77.5
[1] 78
[1] 78.5
[1] 79
[1] 79.5
[1] 80
[1] 80.5
[1] 81
[1] 81.5
[1] 82
[1] 82.5
[1] 83
[1] 83.5
[1] 84
[1] 84.5
[1] 85
[1] 85.5
[1] 86.5
[1] 86
[1] 87
[1] 87.5
[1] 88
[1] 88.5
[1] 89
[1] 89.5
[1] 90
[1] 90.5
[1] 91
[1] 91.5
[1] 92
[1] 92.5
[1] 93
[1] 93.5
[1] 94.5
[1] 94
[1] 95
[1] 95.5
[1] 96
[1] 96.5
[1] 97
[1] 97.5
[1] 98
[1] 99
[1] 98.5
[1] 99.5
starting worker pid=2556 on localhost:11779 at 16:25:25.987
starting worker pid=7364 on localhost:11779 at 16:25:26.217
starting worker pid=16640 on localhost:11779 at 16:25:26.422
starting worker pid=22140 on localhost:11779 at 16:25:26.638
starting worker pid=9828 on localhost:11779 at 16:25:26.870
starting worker pid=8888 on localhost:11779 at 16:25:27.101
starting worker pid=3896 on localhost:11779 at 16:25:27.346
starting worker pid=22008 on localhost:11779 at 16:25:27.555
[1] 2.5
[1] 0[1]
 2
[1] 1
[1] 1.5
[1] 3
[1] 3.5
[1] 4
[1] 5
[1] 4.5
[1] 5.5
[1] 6
[1] 7
[1] 7.5
[1] 6.5
[1] 8[1] 8.5
[1] 9
[1] 9.5
[1] 10
[1] 10.5
[1] 11
[1] 11.5
[1] 12.5
[1] 12
[1] 13
[1] 13.5
[1] 14.5
[1] 14
[1] 15
[1] 15.5
[1] 16
[1] 16.5
[1] 18
[1] 18.5[1] 17
[1] 19
[1] 17.5
[1] 19.5
[1] 21
[1] 21.5
[1] 22.5
[1] 23.5
[1] 20
[1] 22
[1] 20.5
[1] 23
[1] 24
[1] 24.5
[1] 25
[1] 25.5
[1] 26
[1] 27
[1] 26.5
[1] 27.5
[1] 28
[1] 28.5
[1] 29
[1] 29.5
[1] 30[1] 30.5
[1] 31
[1] 31.5
[1] 32
[1] 32.5
[1] 33
[1] 33.5
[1] 34
[1] 34.5
[1] 35
[1] 35.5
[1] 36
[1] 36.5
[1] 37
[1] 37.5
[1] 38
[1] 39
[1] 38.5
[1] 39.5
[1] 40
[1] 40.5
[1] 41
[1] 41.5
[1] 42
[1] 43
[1] 42.5
[1] 43.5
[1] 44.5
[1] 44
[1] 45
[1] 45.5
[1] 46
[1] 46.5
[1] 47
[1] 47.5
[1] 48
[1] 48.5
[1] 49
[1] 49.5
[1] 50
[1] 50.5
[1] 51
[1] 51.5
[1] 52
[1] 52.5
[1] 53
[1] 54
[1] 53.5
[1] 54.5
[1] 55
[1] 55.5
[1] 56
[1] 56.5
[1] 57
[1] 57.5
[1] 58
[1] 58.5
[1] 59
[1] 59.5
[1] 60
[1] 60.5
[1] 61
[1] 61.5
[1] 62
[1] 62.5
[1] 63
[1] 63.5
[1] 64
[1] 64.5
[1] 65
[1] 66
[1] 65.5
[1] 66.5
[1] 67
[1] 67.5
[1] 68
[1] 68.5
[1] 69
[1] 70
[1] 69.5
[1] 70.5
[1] 71
[1] 71.5
[1] 73.5
[1] 72
[1] 73
2.5
[1] 74.5
[1] 75
[1] 74
[1] 75.5
[1] 76
[1][1] 77.5
[1] 76.5
[1] 78
[1] 78.5
[1] 79
[1] 79.5
[1] 80
[1][1]
 80.5
[1] 81.5
[1] 82
[1] 82.5
[1] 83.5
[1] 83
[1] 84
[1] 84.5
[1] 85.5
[1] 86
[1] 86.5
[1] 87
[1] 87.5
[1] 88
[1] 89
[1] 88.5
[1] 89.5
[1] 90
[1] 90.5
[1] 91
[1] 91.5
[1] 92
[1] 92.5
[1] 93.5
[1] 93
[1] 94
[1] 94.5
[1] 95
[1] 95.5
[1] 96
[1] 96.5
[1] 98
[1] 97
[1] 97.5
[1] 98.5
[1] 99
[1] 99.5
starting worker pid=7092 on localhost:11779 at 16:35:14.634
starting worker pid=5492 on localhost:11779 at 16:35:14.854
starting worker pid=9192 on localhost:11779 at 16:35:15.080
starting worker pid=17588 on localhost:11779 at 16:35:15.313
starting worker pid=21912 on localhost:11779 at 16:35:15.559
starting worker pid=18500 on localhost:11779 at 16:35:15.855
starting worker pid=460 on localhost:11779 at 16:35:16.054
starting worker pid=22276 on localhost:11779 at 16:35:16.260
[1] 0.5
[1] 1[1] 2.5
[1] 2
[1] 0
[1] 3
[1] 1.5
[1] 3.5
[1] 6
[1] 5.5
[1] 7.5
[1] 7
[1] 4
[1] 5
[1] 4.5
[1] 6.5
[1] 8

[1] 9.5

[1] 10
[1] 10.5
[1] 11
[1] 11.5
[1] 14
[1] 12
[1] 12.5
[1] 14.5
[1] 13
[1] 13.5
[1] 15
[1] 15.5
[1] 16
[1] 17.5
[1] 19
[1] 16.5
[1] 17
[1] 18.5
[1] 18
[1] 19.5
[1] 20
[1] 20.5
[1] 21
[1] 23.5
[1] 21.5
[1] 22
[1] 22.5
[1] 23
[1] 24
[1] 24.5
[1] 25
[1] 25.5
[1] 26
[1] 26.5
[1] 27
[1] 27.5
[1] 28
[1] 28.5
[1] 29
[1] 29.5
[1] 30.5
[1] 30
[1] 31
[1] 31.5
[1] 32
[1] 32.5
[1] 33
[1] 33.5
[1] 34.5
[1] 34
[1] 35.5 35
[1] 36
[1] 37
[1] 36.5
[1] 37.5
[1] 38
[1] 38.5
[1] 39
[1] 39.5
[1] 40
[1] 41
[1] 40.5
[1] 41.5
[1] 42
[1] 42.5
[1] 43.5
[1] 43
[1] 44
[1] 44.5
[1] 45
[1] 45.5
[1] 46.5
[1] 46
[1] 47
[1] 47.5
[1] 48
[1] 48.5
[1] 49
[1] 49.5
[1] 50.5
[1] 50
[1] 51
[1] 51.5
[1] 52.5
[1] 52
[1] 53
[1] 53.5
[1] 54
[1] 54.5
[1] 55
[1] 55.5
[1] 56
[1] 56.5
[1] 57
[1] 57.5
[1] 58
[1] 58.5
[1] 59
[1] 59.5
[1] 60
[1] 60.5
[1] 61
[1] 61.5
[1] 62
[1] 62.5
[1] 63
[1] 63.5
[1] 64
[1] 64.5
[1] 65
[1] 65.5
[1] 66.5
[1] 66
[1] 67
[1] 67.5
[1] 68
[1] 68.5
[1] 69
[1] 69.5
[1] 70
[1] 70.5
[1] 71
[1] 71.5
[1] 72
[1] 72.5
[1] 73
[1] 73.5
[1] 74
[1] 74.5
[1] 75
[1] 75.5
[1] 76
[1] 76.5
[1] 77
[1] 77.5
[1] 78.5
[1] 78
[1] 79
[1] 79.5
[1] 80
[1] 80.5
[1] 81
[1] 82
[1] 82.5
[1] 81.5
[1] 83
[1] 83.5
[1] 84
[1] 84.5
[1] 85
[1] 85.5
[1] 86
[1] 86.5
[1] 87
[1] 87.5
[1] 88
[1] 88.5
[1] 89
[1] 89.5
[1] 90
[1] 90.5
[1] 91
[1] 91.5
[1] 92
[1] 92.5
[1] 93
[1] 93.5
[1] 94.5
[1] 94
[1] 95
[1] 95.5
[1] 96
[1] 96.5
[1] 97
[1] 97.5
[1] 98.5
[1] 98
[1] 99
[1] 99.5
starting worker pid=19068 on localhost:11779 at 16:38:59.253
starting worker pid=15392 on localhost:11779 at 16:38:59.470
starting worker pid=17544 on localhost:11779 at 16:38:59.696
starting worker pid=21964 on localhost:11779 at 16:38:59.921
starting worker pid=21824 on localhost:11779 at 16:39:00.163
starting worker pid=2216 on localhost:11779 at 16:39:00.398
starting worker pid=8992 on localhost:11779 at 16:39:00.613
starting worker pid=24348 on localhost:11779 at 16:39:00.836
[1] 2
[1][1]5 0
[1] 3.5
[1] 0.5
[1] 3
[1] 1
[1] 2.5
[1] 5
[1] 4
[1] 4.5
[1] 5.5
[1] 6
[1] 7[1] 6.5
[1] 7.5
[1] 8
[1] 8.5
[1] 9
[1] 9.5
[1] 10
[1] 10.5
[1] 11.5
[1] 11
[1][1]
2.5
[1] 13
[1] 13.5
[1] 14
[1] 14.5
[1] 15.5
[1] 15
[1] 16
[1] 17
[1] 16.5
[1] 17.5
[1] 18
[1] 19
[1] 18.5
[1] 19.5
[1] 20.5
[1] 20
[1] 21
[1] 21.5
[1] 22
[1] 23
[1] 23.5
[1] 22.5
[1] 24.5

[1] 25
[1] 25.5
[1] 26
[1] 26.5
[1] 27.5
[1] 27
[1] 28
[1] 28.5
[1] 29
[1] 29.5
[1] 30.5
[1] 30
[1] 31
[1] 31.5
[1] 32
[1] 32.5
[1] 33
[1] 33.5
[1] 34
[1] 34.5
[1] 35
[1] 35.5
[1] 37
[1] 36
[1] 36.5
[1] 37.5
[1] 38
[1] 38.5
[1] 39
[1] 39.5
[1] 40
[1] 40.5
[1] 41
[1] 41.5
[1] 42
[1] 42.5
[1] 43
[1] 43.5
[1] 44
[1] 44.5
[1] 45
[1] 45.5
[1] 46.5
[1] 46
[1] 47
[1] 47.5
[1] 48
[1] 48.5
[1] 49
[1] 49.5
[1] 50
[1] 50.5
[1] 51
[1] 51.5
[1] 52
[1] 52.5
[1] 53
[1] 53.5
[1] 54
[1] 54.5
[1] 55
[1] 55.5
[1] 56
[1] 57
[1] 56.5
[1] 57.5
[1] 58.5[1] 58
[1] 59
[1] 59.5
[1] 60
[1] 60.5
[1] 61
[1] 61.5
[1] 62
[1] 62.5
[1] 63
[1] 63.5
[1] 64
[1] 64.5
[1] 65
[1] 65.5
[1] 66
[1] 66.5
[1] 67
[1] 67.5
[1] 68
[1] 68.5
[1] 69
[1] 69.5
[1] 70
[1] 70.5
[1] 71
[1] 71.5
[1] 72
[1] 72.5
[1] 73
[1] 73.5
[1] 74
[1] 74.5
[1] 75
[1] 75.5
[1] 76
[1] 76.5
[1] 77
[1] 77.5
[1] 78
[1] 78.5
[1] 79
[1] 79.5
[1] 80
[1] 80.5
[1] 81
[1] 81.5
[1] 82
[1] 82.5
[1] 83
[1] 83.5
[1] 84
[1] 84.5
[1] 85
[1] 85.5
[1] 86
[1] 86.5
[1] 87
[1] 87.5
[1] 88
[1] 88.5
[1] 89
[1] 89.5
[1] 90
[1] 90.5
[1] 91
[1] 91.5
[1] 92
[1] 92.5
[1] 93
[1] 93.5
[1] 94
[1] 94.5
[1] 95
[1] 95.5
[1] 96
[1] 96.5
[1] 97
[1] 97.5
[1] 98
[1] 98.5
[1] 99
[1] 99.5
starting worker pid=20168 on localhost:11779 at 16:43:47.913
starting worker pid=10344 on localhost:11779 at 16:43:48.151
starting worker pid=24552 on localhost:11779 at 16:43:48.382
starting worker pid=12032 on localhost:11779 at 16:43:48.619
starting worker pid=18084 on localhost:11779 at 16:43:48.874
starting worker pid=16440 on localhost:11779 at 16:43:49.105
starting worker pid=16404 on localhost:11779 at 16:43:49.328
starting worker pid=21756 on localhost:11779 at 16:43:49.547
[1] 1.5
[1] 1
[1] 3
[1] 3.5
[1] 2
[1] 2.5
[1] 0.5
[1] 6
[1] 4.5
[1] 4
[1] 6.5
[1] 5
[1] 7.5
[1] 7
[1] 5.5
[1] 8.5
[1] 10.5
[1] 8
[1] 9
[1] 10
[1] 9.5
[1] 11
[1] 11.5
[1] 12
[1] 14
[1] 15.5[1] 13.5
[1] 13
[1] 12.5
[1] 14.5
[1] 15
[1] 16
[1] 16.5
[1] 17.5
[1] 17
[1] 18.5
[1] 18
[1] 19
[1] 19.5
[1] 20
[1] 20.5
[1] 21
[1] 21.5
[1] 22
[1] 22.5
[1] 23
[1] 23.5
[1] 24
[1] 24.5
[1] 25
[1] 25.5
[1] 26
[1] 26.5
[1] 27
[1] 27.5
[1] 28
[1] 28.5
[1] 29
[1] 29.5
[1] 30
[1] 30.5
[1] 31
[1] 31.5
[1] 32
[1] 32.5
[1] 33
[1] 33.5
[1] 34
[1] 34.5
[1] 35
[1] 35.5
[1] 36
[1] 36.5
[1] 37
[1] 37.5
[1] 38
[1] 38.5
[1] 39
[1] 39.5
[1] 40
[1] 40.5
[1] 41.5
[1] 41
[1] 42
[1] 42.5
[1] 43
[1] 43.5
[1] 44
[1] 44.5
[1] 45
[1] 45.5
[1] 46
[1] 46.5
[1] 47
[1] 47.5
[1] 48
[1] 48.5
[1] 49
[1] 49.5
[1] 50
[1] 50.5
[1] 51
[1] 51.5
[1] 52
[1] 52.5
[1] 53
[1] 53.5
[1] 54
[1] 54.5
[1] 55.5
[1] 56
[1] 56.5
[1] 57
[1] 57.5
[1] 58
[1] 59[1] 59.5
[1] 58.5
[1] 60
[1] 60.5
[1] 61
[1] 61.5
[1] 62
[1] 63.5
[1] 62.5
[1] 63
[1] 64
[1] 64.5
[1] 65
[1] 65.5
[1] 66
[1] 66.5
[1] 67
[1] 67.5
[1] 68
[1] 68.5
[1] 69
[1] 69.5
[1] 70
[1] 70.5
[1] 71
[1] 71.5
[1] 72
[1] 72.5
[1] 73
[1] 73.5
[1] 74
[1] 74.5
[1] 75
[1] 75.5
[1] 76
[1] 76.5
[1] 77
[1] 77.5
[1] 78
[1] 78.5
[1] 79
[1] 79.5
[1] 80
[1] 80.5
[1] 81
[1] 81.5
[1] 82
[1] 82.5
[1] 83
[1] 83.5
[1] 84
[1] 84.5
[1] 85
[1] 85.5
[1] 86
[1] 86.5
[1] 87
[1] 87.5
[1] 88
[1] 88.5
[1] 89
[1] 89.5
[1] 90
[1] 90.5
[1] 91
[1] 91.5
[1] 92
[1] 92.5
[1] 93
[1] 93.5
[1] 94
[1] 94.5
[1] 95
[1] 95.5
[1] 96
[1] 96.5
[1] 97
[1] 97.5
[1] 98
[1] 98.5
[1] 99.5
[1] 99
starting worker pid=2188 on localhost:11779 at 16:45:46.096
starting worker pid=7072 on localhost:11779 at 16:45:46.368
starting worker pid=12720 on localhost:11779 at 16:45:46.604
starting worker pid=2104 on localhost:11779 at 16:45:46.876
starting worker pid=24208 on localhost:11779 at 16:45:47.128
starting worker pid=23908 on localhost:11779 at 16:45:47.368
starting worker pid=6272 on localhost:11779 at 16:45:47.591
starting worker pid=23064 on localhost:11779 at 16:45:47.823
[1] 1
[1] 3
[1] 1.5
[1] 3.5
[1] 2.5
[1] 0
[1] 2
[1] 0.5
[1] 4
[1] 5.5
[1][1 4.5
[1] 6
[1] 6.5
[1] 7
[1] 7.5
[1] 8
[1] 9.5
[1] 8.5
[1] 9
[1][1]
 10.5
[1] 11
[1] 11.5
[1] 12
[1] 12.5
[1] 13
[1] 13.5
[1] 14.5
[1] 14
[1] 15
[1] 15.5
[1] 16
[1] 16.5
[1] 17
[1] 17.5
[1] 18
[1] 18.5
[1] 19
[1] 19.5
[1] 20
[1] 20.5
[1] 21
[1] 21.5
[1] 22
[1] 22.5
[1] 23
[1] 23.5
[1] 24
[1] 24.5
[1] 25
[1] 25.5
[1] 26
[1] 26.5
[1] 27
[1] 27.5
[1] 28
[1] 29
[1] 28.5
[1] 29.5
[1] 30
[1] 30.5
[1] 31
[1] 31.5
[1] 32
[1] 33
[1] 32.5
[1] 33.5
[1] 34
[1] 34.5
[1] 35
[1] 35.5
[1] 36
[1] 36.5
[1] 37
[1] 37.5
[1] 38
[1] 38.5
[1] 39
[1] 39.5
[1] 40
[1] 40.5
[1] 41
[1] 41.5
[1] 42
[1] 42.5
[1] 43
[1] 43.5
[1] 44.5
[1] 44
[1] 45
[1] 45.5
[1] 46
[1] 46.5
[1] 47
[1] 47.5
[1] 48
[1] 48.5
[1] 49
[1] 49.5
[1] 50
[1] 50.5
[1] 51.5
[1] 51
[1] 52
[1] 52.5
[1] 53
[1] 53.5
[1] 54
[1] 54.5
[1] 55
[1] 55.5
[1] 56
[1] 56.5
[1] 57
[1] 57.5
[1] 58
[1] 58.5
[1] 59
[1] 59.5
[1] 60
[1] 60.5
[1] 61
[1] 61.5
[1] 62
[1] 62.5
[1] 63
[1] 63.5
[1] 64
[1] 64.5
[1] 65
[1] 65.5
[1] 66
[1] 66.5
[1] 67
[1] 67.5
[1] 68
[1] 68.5
[1] 69
[1] 69.5
[1] 70
[1] 70.5
[1] 71
[1] 71.5
[1] 72
[1] 72.5
[1] 73
[1] 73.5
[1] 74
[1] 74.5
[1] 75
[1] 75.5
[1] 76
[1] 77
[1] 76.5
[1] 77.5
[1] 78
[1] 78.5
[1] 79
[1] 79.5
[1] 80
[1] 81
[1] 80.5
[1] 81.5
[1] 82
[1] 82.5
[1] 83
[1] 83.5
[1] 84
[1] 84.5
[1] 85
[1] 85.5
[1] 86
[1] 86.5
[1] 87
[1] 87.5
[1] 88
[1] 88.5
[1] 89
[1] 89.5
[1] 90
[1] 90.5
[1] 91
[1] 91.5
[1] 92
[1] 92.5
[1] 93
[1] 93.5
[1] 94
[1] 94.5
[1] 95
[1] 95.5
[1] 96
[1] 96.5
[1] 97
[1] 97.5
[1] 98
[1] 98.5
[1] 99
[1] 99.5
starting worker pid=14660 on localhost:11779 at 16:48:49.378
starting worker pid=17744 on localhost:11779 at 16:48:49.615
starting worker pid=10588 on localhost:11779 at 16:48:49.816
starting worker pid=13668 on localhost:11779 at 16:48:50.037
starting worker pid=20420 on localhost:11779 at 16:48:50.442
starting worker pid=12028 on localhost:11779 at 16:48:50.723
starting worker pid=12432 on localhost:11779 at 16:48:50.962
starting worker pid=22140 on localhost:11779 at 16:48:51.212
[1] 1
[1] 0.5
[1] 3
[1] 3.5
[1] 1.5
[1] 2
[1] 0
[1] 2.5
[1] 4
[1] 4.5[1] 5
[1] 7
[1] 6.5
[1] 5

[1] 7.5
[1] 8
[1] 9
[1] 8.5
[1] 10.5
[1] 11
[1] 10
[1] 9.5
[1] 11.5
[1] 12
[1] 12.5
[1] 13
[1] 13.5
[1] 15
[1] 14.5
[1] 14
[1] 15.5
[1] 16
[1] 16.5
[1] 17
[1] 18
[1] 17.5
[1] 18.5
[1] 19
[1] 19.5
[1] 20.5
[1] 20
[1] 21
[1] 24
[1] 24.5
[1] 25
[1] 21.5
[1] 22
[1] 22.5
[1] 23
[1] 23.5
[1] 25.5
[1] 26.5
[1] 26
[1] 27
[1] 27.5
[1] 28
[1] 28.5
[1] 29
[1] 29.5
[1] 30
[1] 30.5
[1] 31
[1] 32
[1] 32.5
[1] 31.5
[1] 33
[1] 33.5
[1] 34
[1] 34.5
[1] 35
[1] 35.5
[1] 36
[1] 36.5
[1] 37
[1] 37.5
[1] 38
[1] 38.5
[1] 39
[1] 39.5
[1] 40[1] 40.5
[1] 41
[1] 41.5
[1] 42
[1] 42.5
[1] 43
[1] 43.5
[1][1].5
4
[1] 45
[1] 45.5
[1] 46
[1] 46.5
[1] 47
[1] 47.5
[1] 48
[1] 48.5
[1] 49
[1] 49.5
[1] 50
[1] 50.5
[1] 53.5
[1] 51
[1] 54.5
[1] 51.5
[1] 54
[1] 52
[1] 52.5
[1] 53
[1] 55
[1] 56
[1] 57
[1] 55.5
[1] 56.5
[1] 57.5
[1] 58
[1] 58.5
[1] 59
[1] 59.5
[1] 60
[1] 60.5
[1] 61
[1] 61.5
[1] 62
[1] 62.5
[1] 63
[1] 63.5
[1] 64
[1] 64.5
[1] 65
[1] 65.5
[1] 66.5
[1] 66
[1] 67
[1] 67.5
[1] 68
[1] 68.5
[1] 69
[1] 69.5
[1] 70
[1] 70.5
[1] 71
[1] 72.5
[1] 72.5
[1] 73
[1] 73.5
[1] 74
[1] 74.5
[1] 75
[1] 75.5
[1] 76
[1] 76.5
[1] 79
[1] 77
[1] 79.5
[1] 77.5
[1] 80

[1] 78.5
[1] 81
[1] 82
[1] 83.5
[1] 81.5
[1] 80.5
[1] 82.5
[1] 83
[1] 84
[1] 84.5
[1] 85
[1] 85.5
[1][1] 86.5
[1] 87
[1] 88[1] 87.5
[1] 88.5
[1] 89
[1] 89.5
[1] 90
[1] 90.5
[1] 91
[1] 92
[1] 91.5
[1] 92.5
[1] 93.5
[1] 93
[1] 94
[1] 94.5
[1] 95
[1] 95.5
[1] 96
[1] 96.5
[1] 97
[1] 97.5
[1] 98
[1] 98.5
[1] 99
[1] 99.5
